Title:
*inverter
Date:
Thu
Nov
11
09:30:47

2010
Plotname:
Transient
Analysis
Flags:
real
No.
Variables:
3
No.
Points:
174





Variables:

0
time
time

1
v(out)
voltage

2
v(in)
voltage
Values:
0

0.000000000000000e+00

1.099997340338807e+00

0.000000000000000e+00
1

5.000000000000001e-12

1.100163709708023e+00

5.500000000000001e-03
2

1.000000000000000e-11

1.100275207662349e+00

1.100000000000000e-02
3

2.000000000000000e-11

1.100425345825768e+00

2.200000000000000e-02
4

4.000000000000000e-11

1.100506669764163e+00

4.400000000000000e-02
5

8.000000000000001e-11

1.100515996259686e+00

8.800000000000001e-02
6

1.600000000000000e-10

1.100398333652945e+00

1.760000000000000e-01
7

3.200000000000000e-10

1.087185680588231e+00

3.520000000000000e-01
8

6.400000000000001e-10

5.989771393273127e-02

7.040000000000001e-01
9

9.429150090049983e-10

-3.128654799268370e-02

1.037206509905498e+00
10

1.000000000000000e-09

2.110182368281547e-02

1.100000000000000e+00
11

1.031151291501646e-09

3.198058240096602e-03

1.100000000000000e+00
12

1.093453874504937e-09

-2.233018598998092e-03

1.100000000000000e+00
13

1.218059040511520e-09

1.874335357241589e-03

1.100000000000000e+00
14

1.467269372524686e-09

-1.713368780430125e-03

1.100000000000000e+00
15

1.965690036551017e-09

1.641880001428927e-03

1.100000000000000e+00
16

2.962531364603679e-09

-1.603748564720371e-03

1.100000000000000e+00
17

3.962531364603679e-09

1.571168270803726e-03

1.100000000000000e+00
18

4.962531364603679e-09

-1.534807766473329e-03

1.100000000000000e+00
19

5.962531364603679e-09

1.503613530084925e-03

1.100000000000000e+00
20

6.962531364603679e-09

-1.468831852385122e-03

1.100000000000000e+00
21

7.962531364603679e-09

1.438970896901498e-03

1.100000000000000e+00
22

8.962531364603679e-09

-1.405695307483744e-03

1.100000000000000e+00
23

9.962531364603680e-09

1.377114279900446e-03

1.100000000000000e+00
24

1.096253136460368e-08

-1.345275583960209e-03

1.100000000000000e+00
25

1.100000000000000e-08

7.386647102489127e-04

1.099999999999999e+00
26

1.107493727079264e-08

-2.052642690329225e-04

1.017569002128095e+00
27

1.122481181237792e-08

-2.368859238053676e-04

8.527070063842866e-01
28

1.152456089554848e-08

1.879353232279355e-01

5.229830148966697e-01
29

1.200000000000000e-08

1.074144099958143e+00

4.549312315749177e-16
30

1.205994981663411e-08

1.096215949373770e+00

0.000000000000000e+00
31

1.217984944990234e-08

1.102679163679909e+00

0.000000000000000e+00
32

1.241964871643879e-08

1.097728364089645e+00

0.000000000000000e+00
33

1.289924724951168e-08

1.102076456347189e+00

0.000000000000000e+00
34

1.385844431565748e-08

1.098000023323110e+00

0.000000000000000e+00
35

1.485844431565748e-08

1.101910791198870e+00

0.000000000000000e+00
36

1.585844431565748e-08

1.098156304028610e+00

0.000000000000000e+00
37

1.685844431565748e-08

1.101761379480028e+00

0.000000000000000e+00
38

1.785844431565747e-08

1.098300333288511e+00

0.000000000000000e+00
39

1.885844431565747e-08

1.101623635566668e+00

0.000000000000000e+00
40

1.985844431565747e-08

1.098433074273665e+00

0.000000000000000e+00
41

2.085844431565747e-08

1.101496648058247e+00

0.000000000000000e+00
42

2.185844431565747e-08

1.098555414817024e+00

0.000000000000000e+00
43

2.200000000000000e-08

1.101074858649085e+00

0.000000000000000e+00
44

2.210000000000000e-08

1.100568920416744e+00

1.100000000000010e-01
45

2.230000000000000e-08

1.091951927185421e+00

3.299999999999993e-01
46

2.270000000000000e-08

3.925955558824090e-02

7.699999999999997e-01
47

2.300000000000000e-08

-2.556699735242786e-02

1.099999999999999e+00
48

2.304189460179528e-08

-2.927412015116614e-03

1.100000000000000e+00
49

2.312568380538584e-08

2.251409731966565e-03

1.100000000000000e+00
50

2.329326221256697e-08

-1.972573767835269e-03

1.100000000000000e+00
51

2.362841902692922e-08

1.850180253096114e-03

1.100000000000000e+00
52

2.429873265565372e-08

-1.787806451838142e-03

1.100000000000000e+00
53

2.529873265565372e-08

1.751543029925129e-03

1.100000000000000e+00
54

2.629873265565372e-08

-1.710943153031419e-03

1.100000000000000e+00
55

2.729873265565372e-08

1.676210463910820e-03

1.100000000000000e+00
56

2.829873265565372e-08

-1.637385299485356e-03

1.100000000000000e+00
57

2.929873265565371e-08

1.604126580535823e-03

1.100000000000000e+00
58

3.029873265565371e-08

-1.566994207429289e-03

1.100000000000000e+00
59

3.129873265565372e-08

1.535151015315065e-03

1.100000000000000e+00
60

3.229873265565372e-08

-1.499633107119526e-03

1.100000000000000e+00
61

3.300000000000000e-08

1.455466140436595e-03

1.099999999999998e+00
62

3.310000000000001e-08

-1.837253768153809e-04

9.899999999999965e-01
63

3.330000000000001e-08

6.147905290620760e-04

7.699999999999946e-01
64

3.370000000000000e-08

9.930409063241188e-01

3.299999999999980e-01
65

3.400000000000000e-08

1.138749350052879e+00

2.274764578091837e-15
66

3.404254549496655e-08

1.107390690172940e+00

0.000000000000000e+00
67

3.412763648489964e-08

1.095425427858554e+00

0.000000000000000e+00
68

3.429781846476584e-08

1.103576712596804e+00

0.000000000000000e+00
69

3.463818242449824e-08

1.096809838157739e+00

0.000000000000000e+00
70

3.531891034396302e-08

1.102989309197616e+00

0.000000000000000e+00
71

3.631891034396303e-08

1.097115293655121e+00

0.000000000000000e+00
72

3.731891034396303e-08

1.102755647276129e+00

0.000000000000000e+00
73

3.831891034396303e-08

1.097341015188632e+00

0.000000000000000e+00
74

3.931891034396303e-08

1.102540255779546e+00

0.000000000000000e+00
75

4.031891034396304e-08

1.097549008823410e+00

0.000000000000000e+00
76

4.131891034396304e-08

1.102341686248933e+00

0.000000000000000e+00
77

4.231891034396304e-08

1.097740673294283e+00

0.000000000000000e+00
78

4.331891034396304e-08

1.102158624459217e+00

0.000000000000000e+00
79

4.400000000000000e-08

1.097956595554657e+00

0.000000000000000e+00
80

4.410000000000000e-08

1.100251528495402e+00

1.100000000000010e-01
81

4.430000000000001e-08

1.092307771318256e+00

3.300000000000030e-01
82

4.470000000000000e-08

3.910838684894459e-02

7.699999999999997e-01
83

4.500000000000001e-08

-2.547052574012424e-02

1.100000000000000e+00
84

4.504227189266007e-08

-2.893243263689040e-03

1.100000000000000e+00
85

4.512681567798019e-08

2.230409754119198e-03

1.100000000000000e+00
86

4.529590324862045e-08

-1.956503393171863e-03

1.100000000000000e+00
87

4.563407838990097e-08

1.836176036594788e-03

1.100000000000000e+00
88

4.631042867246199e-08

-1.774801133734714e-03

1.100000000000000e+00
89

4.731042867246199e-08

1.738796836398952e-03

1.100000000000000e+00
90

4.831042867246200e-08

-1.698497722889256e-03

1.100000000000000e+00
91

4.931042867246200e-08

1.664014042361127e-03

1.100000000000000e+00
92

5.031042867246200e-08

-1.625475693342707e-03

1.100000000000000e+00
93

5.131042867246200e-08

1.592456126085004e-03

1.100000000000000e+00
94

5.231042867246201e-08

-1.555597280756611e-03

1.100000000000000e+00
95

5.331042867246201e-08

1.523983736014079e-03

1.100000000000000e+00
96

5.431042867246201e-08

-1.488726721400435e-03

1.100000000000000e+00
97

5.500000000000000e-08

1.444112617343587e-03

1.100000000000000e+00
98

5.510000000000000e-08

-1.843503101896779e-04

9.900000000000002e-01
99

5.530000000000001e-08

6.154484895775619e-04

7.699999999999982e-01
100

5.570000000000000e-08

9.930384031451945e-01

3.300000000000016e-01
101

5.600000000000001e-08

1.138749926371381e+00

0.000000000000000e+00
102

5.604254385854246e-08

1.107391029863609e+00

0.000000000000000e+00
103

5.612763157562738e-08

1.095425305257272e+00

0.000000000000000e+00
104

5.629780700979721e-08

1.103576774492538e+00

0.000000000000000e+00
105

5.663815787813688e-08

1.096809797580949e+00

0.000000000000000e+00
106

5.731885961481623e-08

1.102989340266692e+00

0.000000000000000e+00
107

5.831885961481623e-08

1.097115263632761e+00

0.000000000000000e+00
108

5.931885961481623e-08

1.102755675917434e+00

0.000000000000000e+00
109

6.031885961481623e-08

1.097340987524673e+00

0.000000000000000e+00
110

6.131885961481623e-08

1.102540282183952e+00

0.000000000000000e+00
111

6.231885961481623e-08

1.097548983331776e+00

0.000000000000000e+00
112

6.331885961481622e-08

1.102341710591205e+00

0.000000000000000e+00
113

6.431885961481622e-08

1.097740649803490e+00

0.000000000000000e+00
114

6.531885961481621e-08

1.102158646900453e+00

0.000000000000000e+00
115

6.600000000000001e-08

1.097956565225492e+00

0.000000000000000e+00
116

6.610000000000000e-08

1.100251525382091e+00

1.099999999999937e-01
117

6.630000000000000e-08

1.092307774806648e+00

3.299999999999957e-01
118

6.670000000000001e-08

3.910838536677214e-02

7.699999999999997e-01
119

6.700000000000000e-08

-2.547052479396686e-02

1.099999999999995e+00
120

6.704227189636721e-08

-2.893242930816052e-03

1.100000000000000e+00
121

6.712681568910162e-08

2.230409548961909e-03

1.100000000000000e+00
122

6.729590327457044e-08

-1.956503235897440e-03

1.100000000000000e+00
123

6.763407844550808e-08

1.836175899406204e-03

1.100000000000000e+00
124

6.831042878738336e-08

-1.774801006262122e-03

1.100000000000000e+00
125

6.931042878738336e-08

1.738796711467011e-03

1.100000000000000e+00
126

7.031042878738335e-08

-1.698497600904354e-03

1.100000000000000e+00
127

7.131042878738335e-08

1.664013922817674e-03

1.100000000000000e+00
128

7.231042878738335e-08

-1.625475576609689e-03

1.100000000000000e+00
129

7.331042878738334e-08

1.592456011696754e-03

1.100000000000000e+00
130

7.431042878738334e-08

-1.555597169048623e-03

1.100000000000000e+00
131

7.531042878738333e-08

1.523983626557608e-03

1.100000000000000e+00
132

7.631042878738333e-08

-1.488726614500444e-03

1.100000000000000e+00
133

7.700000000000001e-08

1.444112505972434e-03

1.099999999999994e+00
134

7.710000000000001e-08

-1.843503163198847e-04

9.900000000000002e-01
135

7.730000000000001e-08

6.154484960318139e-04

7.699999999999982e-01
136

7.770000000000001e-08

9.930384031206440e-01

3.299999999999943e-01
137

7.800000000000001e-08

1.138749926377035e+00

0.000000000000000e+00
138

7.804254385852642e-08

1.107391029866941e+00

0.000000000000000e+00
139

7.812763157557924e-08

1.095425305256069e+00

0.000000000000000e+00
140

7.829780700968486e-08

1.103576774493145e+00

0.000000000000000e+00
141

7.863815787789612e-08

1.096809797580551e+00

0.000000000000000e+00
142

7.931885961431864e-08

1.102989340266997e+00

0.000000000000000e+00
143

8.031885961431864e-08

1.097115263632466e+00

0.000000000000000e+00
144

8.131885961431863e-08

1.102755675917716e+00

0.000000000000000e+00
145

8.231885961431863e-08

1.097340987524402e+00

0.000000000000000e+00
146

8.331885961431862e-08

1.102540282184211e+00

0.000000000000000e+00
147

8.431885961431862e-08

1.097548983331526e+00

0.000000000000000e+00
148

8.531885961431861e-08

1.102341710591443e+00

0.000000000000000e+00
149

8.631885961431861e-08

1.097740649803259e+00

0.000000000000000e+00
150

8.731885961431861e-08

1.102158646900673e+00

0.000000000000000e+00
151

8.800000000000001e-08

1.097956565225194e+00

0.000000000000000e+00
152

8.810000000000000e-08

1.100251525382060e+00

1.099999999999937e-01
153

8.830000000000000e-08

1.092307774806682e+00

3.299999999999957e-01
154

8.870000000000001e-08

3.910838536675765e-02

7.699999999999997e-01
155

8.900000000000000e-08

-2.547052479395763e-02

1.099999999999995e+00
156

8.904227189636724e-08

-2.893242930812822e-03

1.100000000000000e+00
157

8.912681568910173e-08

2.230409548959911e-03

1.100000000000000e+00
158

8.929590327457069e-08

-1.956503235895895e-03

1.100000000000000e+00
159

8.963407844550862e-08

1.836175899404896e-03

1.100000000000000e+00
160

9.031042878738449e-08

-1.774801006260851e-03

1.100000000000000e+00
161

9.131042878738448e-08

1.738796711465764e-03

1.100000000000000e+00
162

9.231042878738448e-08

-1.698497600903160e-03

1.100000000000000e+00
163

9.331042878738447e-08

1.664013922816504e-03

1.100000000000000e+00
164

9.431042878738447e-08

-1.625475576608545e-03

1.100000000000000e+00
165

9.531042878738447e-08

1.592456011695634e-03

1.100000000000000e+00
166

9.631042878738446e-08

-1.555597169047529e-03

1.100000000000000e+00
167

9.731042878738446e-08

1.523983626556535e-03

1.100000000000000e+00
168

9.831042878738445e-08

-1.488726614499397e-03

1.100000000000000e+00
169

9.900000000000001e-08

1.444112505971316e-03

1.099999999999994e+00
170

9.910000000000001e-08

-1.843503163199448e-04

9.900000000000002e-01
171

9.930000000000001e-08

6.154484960318920e-04

7.699999999999982e-01
172

9.970000000000001e-08

9.930384031206437e-01

3.299999999999943e-01
173

1.000000000000000e-07

1.138749926377035e+00

0.000000000000000e+00
