Title:
*inverter
Date:
Thu
Nov
11
09:30:47

2010
Plotname:
Transient
Analysis
Flags:
real
No.
Variables:
5
No.
Points:
20




Variables:

0
A
A

1
B
B

2
C_in
C
Values:
0

1.01e+00

0.01e+00

1.01e+00

0.01e+00
1

1.01e+00

0.01e+00

1.01e+00

0.01e+00
2

0.01e+00

1.01e+00

1.01e+00

0.01e+00
3

0.01e+00

1.01e+00

1.01e+00

0.01e+00
4

1.01e+00

1.01e+00

0.01e+00

1.01e+00
5

1.01e+00

1.01e+00

0.01e+00

1.01e+00
6

0.01e+00

0.01e+00

0.01e+00

0.01e+00
7

0.01e+00

0.01e+00

0.01e+00

0.01e+00
8

1.01e+00

0.01e+00

1.01e+00

0.01e+00
9

1.01e+00

0.01e+00

1.01e+00

0.01e+00
10

0.01e+00

1.01e+00

1.01e+00

0.01e+00
11

0.01e+00

1.01e+00

1.01e+00

0.01e+00
12

1.01e+00

1.01e+00

0.01e+00

1.01e+00
13

1.01e+00

1.01e+00

0.01e+00

1.01e+00
14

0.01e+00

0.01e+00

0.01e+00

0.01e+00
15

0.01e+00

0.01e+00

0.01e+00

0.01e+00
16

1.01e+00

0.01e+00

1.01e+00

0.01e+00
17

1.01e+00

0.01e+00

1.01e+00

0.01e+00
18

0.01e+00

1.01e+00

1.01e+00

0.01e+00
19

0.01e+00

1.01e+00

1.01e+00

0.01e+00
