27
11
1
1
0
10
1100
100
0
10
1100
225
0
10
1100
350
0
10
1100
475
0
1
200
300
0
1
425
300
0
1
650
300
0
1
200
430
0
1
425
430
0
1
650
430
0
1
200
170
0
1
425
170
0
1
650
170
0
1
875
170
0
1
200
40
0
1
425
40
0
1
650
40
0
1
875
40
0
4
50
40
0
4
50
100
0
4
50
160
0
4
50
220
0
4
50
280
0
4
50
340
0
4
50
400
0
4
50
460
0
32
1
910
250
1100
225
1
685
380
1100
350
1
685
510
1100
475
1
910
120
1100
100
2
460
510
620
510
620
510
620
465
1
590
430
620
430
2
140
400
395
400
395
400
395
430
2
235
510
395
510
395
510
395
465
2
95
280
95
465
95
465
170
465
2
110
340
110
430
110
430
170
430
4
80
460
80
520
80
520
590
520
590
520
590
300
590
300
620
300
2
460
380
620
380
620
380
620
335
1
395
255
395
300
2
235
380
395
380
395
380
395
335
2
130
100
130
335
130
335
170
335
2
160
205
160
300
160
300
170
300
2
140
265
845
265
845
265
845
205
3
685
250
825
250
825
250
825
170
825
170
845
170
4
80
340
110
340
110
340
110
260
110
260
620
260
620
260
620
205
3
460
250
600
250
600
250
600
170
600
170
620
170
3
100
220
100
255
100
255
395
255
395
255
395
205
3
235
250
375
250
375
250
375
175
375
175
395
170
2
80
160
80
205
80
205
170
205
2
150
40
150
170
150
170
170
170
3
685
120
825
120
825
120
825
40
825
40
845
40
4
80
400
140
400
140
400
140
135
140
135
845
135
845
135
845
75
3
460
120
600
120
600
120
600
40
600
40
620
40
4
80
280
120
280
120
280
120
130
120
130
620
130
620
130
620
75
3
350
120
235
120
350
120
350
40
350
40
395
40
4
80
220
100
220
100
220
100
125
100
125
395
125
395
125
395
75
1
80
40
170
40
1
80
100
170
75
5
80
40
120
40
120
40
120
105
120
105
150
105
150
105
150
85
150
105
150
125
3
170
105
200
105
200
105
200
85
200
105
200
125
1
110
235
200
235
110
235
200
235
1
135
180
135
210
135
180
135
210
1
195
180
195
210
195
180
195
210
1
285
120
285
165
285
120
285
165
1
165
360
165
390
165
360
165
390
delete
4
30
105
30
120
30
120
15
120
15
120
15
210
15
210
135
210
30
105
135
210
delete
delete
6
30
105
30
120
30
120
15
120
15
120
15
210
15
210
90
210
90
210
90
255
90
255
255
195
30
105
255
195
3
60
75
225
375
225
375
165
375
165
375
165
360
60
75
165
360
4
165
240
225
240
225
240
225
375
225
375
165
375
165
375
165
360
165
240
165
360
3
135
330
120
330
120
330
120
420
120
420
135
420
135
330
135
420
4
60
165
60
360
60
360
120
345
120
345
120
330
120
330
135
330
60
165
135
330
2
60
165
120
150
120
150
165
150
60
165
165
150
1
285
60
165
150
285
60
165
150
3
255
90
240
90
240
90
240
195
240
195
255
195
255
90
255
195
delete
4
75
375
75
360
75
360
120
360
120
360
120
330
120
330
135
330
75
375
135
330
2
165
300
165
270
165
270
195
270
165
300
195
270
1
165
450
195
450
165
450
195
450
3
285
225
285
375
285
375
165
375
165
375
165
360
285
225
165
360
1
345
90
345
120
345
90
345
120
1
405
90
405
120
405
90
405
120
1
540
135
540
165
540
135
540
165
1
405
225
405
255
405
225
405
255
1
465
225
465
255
465
225
465
255
1
495
390
495
420
495
390
495
420
2
435
195
435
75
435
75
540
75
435
195
540
75
2
435
195
375
195
375
195
375
150
435
195
375
150
delete
3
405
255
315
105
315
105
345
105
345
105
345
90
405
255
345
90
3
405
255
360
255
360
255
360
315
360
315
510
195
405
255
510
195
3
435
285
570
45
570
45
375
45
375
45
375
60
435
285
375
60
4
435
285
540
285
540
285
540
405
540
405
495
405
495
405
495
390
435
285
495
390
delete
3
540
225
570
225
570
225
570
285
570
285
435
285
540
225
435
285
3
510
105
495
105
495
105
495
195
495
195
510
195
510
105
510
195
3
465
360
450
360
450
360
450
450
450
450
465
450
465
360
465
450
3
465
360
450
360
450
360
450
405
450
405
375
150
465
360
375
150
1
495
330
570
330
495
330
570
330
1
495
480
555
480
495
480
555
480
5
195
180
195
135
195
135
315
135
315
135
315
105
315
105
345
105
345
105
345
90
195
180
345
90
1
750
150
750
180
750
150
750
180
1
660
105
660
135
660
105
660
135
2
720
120
705
210
705
210
720
210
720
120
720
210
2
660
270
660
255
660
255
720
270
660
270
720
270
1
660
330
720
330
660
330
720
330
1
720
330
750
375
720
330
750
375
3
720
120
705
165
705
165
690
195
690
195
660
195
720
120
660
195
4
660
195
690
195
690
195
690
255
690
255
720
255
720
255
720
270
660
195
720
270
3
630
165
615
225
615
225
675
300
675
300
690
300
630
165
690
300
3
630
75
600
75
600
75
600
300
600
300
630
300
630
75
630
300
2
750
90
750
60
750
60
780
60
750
90
780
60
1
750
240
780
255
750
240
780
255
2
660
45
750
60
750
60
780
60
660
45
780
60
2
90
105
90
30
90
30
630
75
90
105
630
75
3
405
90
405
60
405
60
585
165
585
165
630
165
405
90
630
165
delete
delete
delete
2
750
150
750
165
750
165
765
165
750
150
765
165
6
465
225
465
240
465
240
585
240
585
240
585
315
585
315
630
315
630
315
630
390
630
390
645
390
465
225
645
390
