34
7
420
210
4.71238898038469
7
30
135
4.71238898038469
7
105
255
4.71238898038469
7
465
345
4.71238898038469
1
90
45
1.5707963267948966
delete
1
480
120
1.5707963267948966
1
525
255
1.5707963267948966
1
165
165
1.5707963267948966
1
810
60
0.0
7
810
150
0.0
2
870
210
0.0
9
855
15
0.0
1
705
30
0.0
1
705
120
0.0
7
750
240
0.0
7
690
240
0.0
delete
2
840
300
0.0
1
225
105
0.0
7
225
210
0.0
1
120
330
0.0
7
120
420
0.0
1
600
135
0.0
7
600
225
0.0
1
375
375
0.0
7
375
465
0.0
delete
delete
2
195
480
0.0
9
60
315
0.0
2
495
495
0.0
9
450
405
0.0
delete
60
1
30
75
30
105
30
75
30
105
1
90
75
90
105
90
75
90
105
1
105
195
105
225
105
195
105
225
delete
1
165
195
165
225
165
195
165
225
delete
delete
delete
delete
2
840
60
840
15
840
15
870
15
840
60
870
15
1
840
120
840
150
840
120
840
150
1
840
210
885
210
840
210
885
210
4
810
90
795
90
795
90
795
165
795
165
795
180
795
180
810
180
810
90
810
180
1
735
90
735
120
735
90
735
120
3
720
240
720
225
720
225
780
225
780
225
780
240
720
240
780
240
7
720
240
720
225
720
225
750
225
750
225
765
225
765
225
765
135
765
135
795
135
795
135
795
90
795
90
810
90
720
240
810
90
1
720
300
780
300
720
300
780
300
1
780
300
855
300
780
300
855
300
4
735
180
765
180
765
180
765
225
765
225
780
225
780
225
780
240
735
180
780
240
1
420
150
420
180
420
150
420
180
1
480
150
480
180
480
150
480
180
1
405
435
405
465
405
435
405
465
1
150
390
150
420
150
390
150
420
3
120
360
105
360
105
360
105
450
105
450
120
450
120
360
120
450
1
255
165
255
210
255
165
255
210
3
225
135
210
135
210
135
210
240
210
240
225
240
225
135
225
240
1
465
285
465
315
465
285
465
315
1
525
285
525
315
525
285
525
315
3
375
405
360
405
360
405
360
495
360
495
375
495
375
405
375
495
1
630
195
630
225
630
195
630
225
3
600
165
585
165
585
165
585
255
585
255
600
255
600
165
600
255
4
60
135
45
405
45
405
105
405
105
405
105
360
105
360
120
360
60
135
120
360
3
135
165
45
165
45
165
45
135
45
135
60
135
135
165
60
135
3
135
255
195
405
195
405
150
405
150
405
150
390
135
255
150
390
2
60
45
195
255
195
255
135
255
60
45
135
255
delete
2
135
165
135
105
135
105
255
105
135
165
255
105
2
255
270
240
405
240
405
150
390
255
270
150
390
4
105
195
105
210
105
210
75
285
75
285
225
285
225
285
225
240
105
195
225
240
3
450
120
555
450
555
450
405
450
405
450
405
435
450
120
405
435
1
495
255
450
210
495
255
450
210
4
450
210
450
255
450
255
360
255
360
255
360
495
360
495
375
495
450
210
375
495
1
630
135
495
255
630
135
495
255
delete
4
465
285
465
300
465
300
435
300
435
300
435
375
435
375
600
255
465
285
600
255
2
495
345
555
120
555
120
450
120
495
345
450
120
3
630
285
630
450
630
450
555
450
555
450
405
435
630
285
405
435
delete
5
165
195
315
315
315
315
435
315
435
315
435
300
435
300
465
300
465
300
465
285
165
195
465
285
6
420
150
420
165
420
165
315
315
315
315
435
315
435
315
435
300
435
300
465
300
465
300
465
285
420
150
465
285
3
90
75
90
90
90
90
675
60
675
60
705
60
90
75
705
60
2
690
270
675
60
675
60
705
60
690
270
705
60
3
750
270
735
210
735
210
705
210
705
210
705
150
750
270
705
150
4
480
150
480
105
480
105
660
105
660
105
660
150
660
150
705
150
480
150
705
150
1
150
480
210
480
150
480
210
480
2
75
315
150
315
150
315
150
330
75
315
150
330
3
405
525
465
495
465
495
495
495
495
495
510
495
405
525
510
495
3
405
375
420
375
420
375
420
405
420
405
465
405
405
375
465
405
delete
1
735
30
840
60
735
30
840
60
