Title:
*inverter
Date:
Thu
Nov
11
09:30:47

2010
Plotname:
Transient
Analysis
Flags:
real
No.
Variables:
5
No.
Points:
20




Variables:

0
A
A

1
B
B

2
C_in
C
Values:
0

1.01e+00

1.01e+00

1.01e+00

1.01e+00

1.01e+00
1

1.01e+00

1.01e+00

1.01e+00

1.01e+00

1.01e+00
2

0.01e+00

1.01e+00

1.01e+00

1.01e+00

1.01e+00
3

0.01e+00

1.01e+00

1.01e+00

1.01e+00

0.01e+00
4

1.01e+00

0.01e+00

1.01e+00

1.01e+00

0.01e+00
5

1.01e+00

0.01e+00

1.01e+00

1.01e+00

0.01e+00
6

0.01e+00

0.01e+00

1.01e+00

1.01e+00

0.01e+00
7

0.01e+00

0.01e+00

1.01e+00

0.01e+00

1.01e+00
8

1.01e+00

1.01e+00

0.01e+00

0.01e+00

0.01e+00
9

1.01e+00

1.01e+00

0.01e+00

1.01e+00

0.01e+00
10

0.01e+00

1.01e+00

0.01e+00

1.01e+00

0.01e+00
11

0.01e+00

1.01e+00

0.01e+00

0.01e+00

1.01e+00
12

1.01e+00

0.01e+00

0.01e+00

0.01e+00

1.01e+00
13

1.01e+00

0.01e+00

0.01e+00

0.01e+00

1.01e+00
14

0.01e+00

0.01e+00

0.01e+00

0.01e+00

1.01e+00
15

0.01e+00

0.01e+00

0.01e+00

0.01e+00

0.01e+00
16

1.01e+00

1.01e+00

1.01e+00

1.01e+00

1.01e+00
17

1.01e+00

1.01e+00

1.01e+00

1.01e+00

1.01e+00
18

0.01e+00

1.01e+00

1.01e+00

1.01e+00

1.01e+00
19

0.01e+00

1.01e+00

1.01e+00

1.01e+00

0.01e+00
20

1.01e+00

0.01e+00

1.01e+00

1.01e+00

0.01e+00
21

1.01e+00

0.01e+00

1.01e+00

1.01e+00

0.01e+00
22

0.01e+00

0.01e+00

1.01e+00

1.01e+00

0.01e+00
23

0.01e+00

0.01e+00

1.01e+00

0.01e+00

1.01e+00
24

1.01e+00

1.01e+00

0.01e+00

0.01e+00

0.01e+00
25

1.01e+00

1.01e+00

0.01e+00

1.01e+00

0.01e+00
26

0.01e+00

1.01e+00

0.01e+00

1.01e+00

0.01e+00
27

0.01e+00

1.01e+00

0.01e+00

0.01e+00

1.01e+00
28

1.01e+00

0.01e+00

0.01e+00

0.01e+00

1.01e+00
29

1.01e+00

0.01e+00

0.01e+00

0.01e+00

1.01e+00
30

0.01e+00

0.01e+00

0.01e+00

0.01e+00

1.01e+00
31

0.01e+00

0.01e+00

0.01e+00

0.01e+00

0.01e+00
32

1.01e+00

1.01e+00

1.01e+00

1.01e+00

1.01e+00
33

1.01e+00

1.01e+00

1.01e+00

1.01e+00

1.01e+00
34

0.01e+00

1.01e+00

1.01e+00

1.01e+00

1.01e+00
35

0.01e+00

1.01e+00

1.01e+00

1.01e+00

0.01e+00
36

1.01e+00

0.01e+00

1.01e+00

1.01e+00

0.01e+00
37

1.01e+00

0.01e+00

1.01e+00

1.01e+00

0.01e+00
38

0.01e+00

0.01e+00

1.01e+00

1.01e+00

0.01e+00
39

0.01e+00

0.01e+00

1.01e+00

0.01e+00

1.01e+00
40

1.01e+00

1.01e+00

0.01e+00

0.01e+00

0.01e+00
41

1.01e+00

1.01e+00

0.01e+00

1.01e+00

0.01e+00
42

0.01e+00

1.01e+00

0.01e+00

1.01e+00

0.01e+00
43

0.01e+00

1.01e+00

0.01e+00

0.01e+00

1.01e+00
44

1.01e+00

0.01e+00

0.01e+00

0.01e+00

1.01e+00
45

1.01e+00

0.01e+00

0.01e+00

0.01e+00

1.01e+00
46

0.01e+00

0.01e+00

0.01e+00

0.01e+00

1.01e+00
47

0.01e+00

0.01e+00

0.01e+00

0.01e+00

0.01e+00
48

1.01e+00

1.01e+00

1.01e+00

1.01e+00

1.01e+00
49

1.01e+00

1.01e+00

1.01e+00

1.01e+00

1.01e+00
50

0.01e+00

1.01e+00

1.01e+00

1.01e+00

1.01e+00
51

0.01e+00

1.01e+00

1.01e+00

1.01e+00

0.01e+00
52

1.01e+00

0.01e+00

1.01e+00

1.01e+00

0.01e+00
53

1.01e+00

0.01e+00

1.01e+00

1.01e+00

0.01e+00
54

0.01e+00

0.01e+00

1.01e+00

1.01e+00

0.01e+00
55

0.01e+00

0.01e+00

1.01e+00

0.01e+00

1.01e+00
56

1.01e+00

1.01e+00

0.01e+00

0.01e+00

0.01e+00
57

1.01e+00

1.01e+00

0.01e+00

1.01e+00

0.01e+00
58

0.01e+00

1.01e+00

0.01e+00

1.01e+00

0.01e+00
59

0.01e+00

1.01e+00

0.01e+00

0.01e+00

1.01e+00
60

1.01e+00

0.01e+00

0.01e+00

0.01e+00

1.01e+00
61

1.01e+00

0.01e+00

0.01e+00

0.01e+00

1.01e+00
62

0.01e+00

0.01e+00

0.01e+00

0.01e+00

1.01e+00
