33
1
90
75
1.5707963267948966
7
30
165
4.71238898038469
1
195
150
1.5707963267948966
1
255
60
0.0
7
255
165
0.0
7
135
240
4.71238898038469
1
135
300
0.0
7
135
390
0.0
9
180
270
0.0
2
180
450
0.0
4
15
15
0.0
4
30
375
0.0
7
345
150
4.71238898038469
1
405
60
1.5707963267948966
1
510
75
0.0
1
465
330
0.0
1
465
195
1.5707963267948966
7
510
165
0.0
7
405
285
4.71238898038469
7
465
420
0.0
9
555
330
0.0
2
540
480
0.0
1
630
45
0.0
1
630
135
0.0
1
720
90
0.0
7
720
180
0.0
7
690
270
0.0
7
630
270
0.0
9
735
375
0.0
9
765
60
0.0
2
765
255
0.0
10
765
165
0.0
10
645
390
0.0
65
1
30
105
30
135
30
105
30
135
1
90
105
90
135
90
105
90
135
2
60
15
60
45
60
45
30
105
60
15
30
105
1
135
180
135
210
135
180
135
210
1
195
180
195
210
195
180
195
210
1
285
120
285
165
285
120
285
165
1
165
360
165
390
165
360
165
390
delete
4
30
105
30
120
30
120
15
120
15
120
15
210
15
210
135
210
30
105
135
210
delete
delete
6
30
105
30
120
30
120
15
120
15
120
15
210
15
210
90
210
90
210
90
255
90
255
255
195
30
105
255
195
3
60
75
225
375
225
375
165
375
165
375
165
360
60
75
165
360
4
165
240
225
240
225
240
225
375
225
375
165
375
165
375
165
360
165
240
165
360
3
135
330
120
330
120
330
120
420
120
420
135
420
135
330
135
420
4
60
165
60
360
60
360
120
345
120
345
120
330
120
330
135
330
60
165
135
330
2
60
165
120
150
120
150
165
150
60
165
165
150
1
285
60
165
150
285
60
165
150
3
255
90
240
90
240
90
240
195
240
195
255
195
255
90
255
195
delete
4
75
375
75
360
75
360
120
360
120
360
120
330
120
330
135
330
75
375
135
330
2
165
300
165
270
165
270
195
270
165
300
195
270
1
165
450
195
450
165
450
195
450
3
285
225
285
375
285
375
165
375
165
375
165
360
285
225
165
360
1
345
90
345
120
345
90
345
120
1
405
90
405
120
405
90
405
120
1
540
135
540
165
540
135
540
165
1
405
225
405
255
405
225
405
255
1
465
225
465
255
465
225
465
255
1
495
390
495
420
495
390
495
420
2
435
195
435
75
435
75
540
75
435
195
540
75
2
435
195
375
195
375
195
375
150
435
195
375
150
delete
3
405
255
315
105
315
105
345
105
345
105
345
90
405
255
345
90
3
405
255
360
255
360
255
360
315
360
315
510
195
405
255
510
195
3
435
285
570
45
570
45
375
45
375
45
375
60
435
285
375
60
4
435
285
540
285
540
285
540
405
540
405
495
405
495
405
495
390
435
285
495
390
delete
3
540
225
570
225
570
225
570
285
570
285
435
285
540
225
435
285
3
510
105
495
105
495
105
495
195
495
195
510
195
510
105
510
195
3
465
360
450
360
450
360
450
450
450
450
465
450
465
360
465
450
3
465
360
450
360
450
360
450
405
450
405
375
150
465
360
375
150
1
495
330
570
330
495
330
570
330
1
495
480
555
480
495
480
555
480
5
195
180
195
135
195
135
315
135
315
135
315
105
315
105
345
105
345
105
345
90
195
180
345
90
1
750
150
750
180
750
150
750
180
1
660
105
660
135
660
105
660
135
2
720
120
705
210
705
210
720
210
720
120
720
210
2
660
270
660
255
660
255
720
270
660
270
720
270
1
660
330
720
330
660
330
720
330
1
720
330
750
375
720
330
750
375
3
720
120
705
165
705
165
690
195
690
195
660
195
720
120
660
195
4
660
195
690
195
690
195
690
255
690
255
720
255
720
255
720
270
660
195
720
270
3
630
165
615
225
615
225
675
300
675
300
690
300
630
165
690
300
3
630
75
600
75
600
75
600
300
600
300
630
300
630
75
630
300
2
750
90
750
60
750
60
780
60
750
90
780
60
1
750
240
780
255
750
240
780
255
2
660
45
750
60
750
60
780
60
660
45
780
60
2
90
105
90
30
90
30
630
75
90
105
630
75
3
405
90
405
60
405
60
585
165
585
165
630
165
405
90
630
165
delete
delete
delete
2
750
150
750
165
750
165
765
165
750
150
765
165
6
465
225
465
240
465
240
585
240
585
240
585
315
585
315
630
315
630
315
630
390
630
390
645
390
465
225
645
390
