10
14
45
60
0.0
11
135
30
0.0
14
45
105
0.0
11
225
60
0.0
12
225
120
0.0
12
225
180
0.0
17
345
135
0.0
14
45
150
0.0
20
345
90
0.0
20
420
195
0.0
13
1
135
60
75
60
135
60
75
60
2
135
75
135
105
135
105
75
105
135
75
75
105
1
195
60
225
90
195
60
225
90
1
285
150
345
165
285
150
345
165
1
285
210
345
180
285
210
345
180
3
75
105
120
105
120
105
120
210
120
210
225
210
75
105
225
210
3
75
60
105
105
105
105
105
225
105
225
225
225
75
60
225
225
3
195
60
210
60
210
60
210
165
210
165
225
165
195
60
225
165
2
225
105
225
120
225
120
75
150
225
105
75
150
1
225
105
225
150
225
105
225
150
1
285
90
345
90
285
90
345
90
2
405
165
420
165
420
165
420
195
405
165
420
195
4
404
165
523
162
523
162
523
191
523
191
575
191
575
191
575
150
404
165
575
150

